715866
1431732
2147598
2863464
3579330
4295196
5011062
5726928
6442794
7158660
7874526
8590392
9306258
10022124
10737990
11453856
12169722
12885588
13601454
14317320
15033186
15749052
16464918
17180784
17896650
18612516
19328382
20044248
20760114
21475980
22191846
22907712
23623578
24339444
25055310
25771176
26487042
27202908
27918774
28634640
29350506
30066372
30782238
31498104
32213970
32929836
33645702
34361568
35077434
35793300
36509166
37225032
37940898
38656764
39372630
40088496
40804362
41520228
42236094
42951960
43667826
44383692
45099558
45815424
46531290
47247156
47963022
48678888
49394754
50110620
50826486
51542352
52258218
52974084
53689950
54405816
55121682
55837548
56553414
57269280
57985146
58701012
59416878
60132744
60848610
61564476
62280342
62996208
63712074
64427940
65143806
65859672
66575538
67291404
68007270
68723136
69439002
70154868
70870734
71586600
72302466
73018332
73734198
74450064
75165930
75881796
76597662
77313528
78029394
78745260
79461126
80176992
80892858
81608724
82324590
83040456
83756322
84472188
85188054
85903920
86619786
87335652
88051518
88767384
89483250
90199116
90914982
91630848
92346714
93062580
93778446
94494312
95210178
95926044
96641910
97357776
98073642
98789508
99505374
100221240
100937106
101652972
102368838
103084704
103800570
104516436
105232302
105948168
106664034
107379900
108095766
108811632
109527498
110243364
110959230
111675096
112390962
113106828
113822694
114538560
115254426
115970292
116686158
117402024
118117890
118833756
119549622
120265488
120981354
121697220
122413086
123128952
123844818
124560684
125276550
125992416
126708282
127424148
128140014
128855880
129571746
130287612
131003478
131719344
132435210
133151076
133866942
134582808
135298674
136014540
136730406
137446272
138162138
138878004
139593870
140309736
141025602
141741468
142457334
143173200
143889066
